obs_ori: [-7.9332836e-02 -8.1391248e-04  9.9684787e-01]
obs_q: [-6.5323108e-01  1.8477791e-04  8.0152546e-05  1.0979159e+00
 -5.2151662e-01  1.4594021e-04 -6.5295178e-01  2.0920081e-04
  3.8986333e-04  1.0965024e+00 -5.2146381e-01  7.6843676e-04]
obs_dq: [-0.42213133  0.00117221 -0.00559749  0.6539536  -0.22928005 -0.04171609
 -0.41410726 -0.00223915 -0.00251396  0.64973176 -0.24533561 -0.00152615]
obs_action: [-2.1017823 -3.2297556  0.9717164  3.5747795  2.4130845 -2.109049
 -1.9872661  1.6495172 -0.8368934  1.3471725  0.4331121 -3.2977417]
obs_phase: [ 0.637424    0.77051324 -0.637424   -0.77051324]
Simulating...:   0%|▏

obs_ori: [-4.0399027e-04 -3.7758742e-04  9.9999982e-01]
obs_q: [-3.9645410e-04 -3.3029873e-04  9.4466071e-05  1.2267634e-03
 -2.8040546e-03  2.1548381e-03 -4.4004945e-04 -3.3266810e-04
  9.5615818e-05  1.3097303e-03 -2.8799193e-03  2.1871726e-03]
obs_dq: [-0.01982271 -0.01651494  0.0047233   0.06133817 -0.14020273  0.10774191
 -0.02200247 -0.0166334   0.00478079  0.06548652 -0.14399596  0.10935863]
obs_action: [ 0.9021185  -0.9475117  -1.0446934   3.3284512  -2.0915534   0.747103
  0.38102058  0.13193308  1.2461765   1.1525257  -0.58644825 -0.01611677]
obs_phase: [ 0.9921147   0.12533323 -0.9921147  -0.12533323]
Simulating...:   0%| 





obs_ori: [-0.00594754  0.00739086  0.9999548 ]
obs_q: [ 0.02552323  0.10785872 -0.02850684  0.10690619 -0.10171778 -0.03097534
 -0.04470743  0.03106402  0.05025064  0.06509106 -0.02474448 -0.02054394]
obs_dq: [-0.22310211 -1.767117    0.63905    -0.41313627  0.75196993  0.13107808
 -0.11899942 -1.9854228   2.3850822  -2.226496    2.013484    2.9898553 ]
obs_action: [ 0.5456752  -0.5227691   0.528423   -0.34319726  0.9238689   0.12265292
 -1.15537    -1.9656408   1.2811601  -0.3633898   1.0712502  -0.04319862]
obs_phase: [-0.637424    0.7705133   0.63742423 -0.77051306]