# copy this to sim2real/config.yaml
obs_mean: [-0.0031331300269812346, 0.0008159183780662715, 0.9430567026138306, -0.3413533866405487, 0.08268490433692932, -0.031218240037560463, 0.43921133875846863, -0.09867126494646072, -0.023940425366163254, -0.3345966935157776, -0.019427912309765816, -0.030430659651756287, 0.435269296169281, -0.09867749363183975, -0.022199559956789017, 0.11982958018779755, -0.0072314804419875145, 0.1371077597141266, -0.17575135827064514, 0.1026754304766655, 0.08721517026424408, 0.11998753249645233, -0.11244955658912659, -0.13565437495708466, -0.14298921823501587, 0.10261092334985733, 0.25779715180397034, -1.1922764778137207, 0.269641250371933, -0.12655341625213623, 1.2968547344207764, -0.3353412449359894, -0.2022482454776764, -1.1473616361618042, 0.03206799551844597, -0.055966250598430634, 1.262709379196167, -0.3231511116027832, -0.18922068178653717, 0.4638950824737549, 0.9524981379508972, 2.0000083446502686, 0.0]
obs_var: [0.07001427561044693, 0.03527414798736572, 0.005434640683233738, 0.21197381615638733, 0.0206325463950634, 0.018086794763803482, 0.3120291233062744, 0.06948351860046387, 0.01547514833509922, 0.21186433732509613, 0.016941692680120468, 0.018367961049079895, 0.31085193157196045, 0.06730927526950836, 0.015457863919436932, 40.047447204589844, 19.92827606201172, 29.159151077270508, 61.19263458251953, 38.99597930908203, 26.463407516479492, 40.42970657348633, 16.08901596069336, 29.349472045898438, 61.248409271240234, 38.20783615112305, 25.905010223388672, 3.0548789501190186, 0.5876471996307373, 0.4725465476512909, 3.728433847427368, 1.3846747875213623, 1.3118829727172852, 2.9800045490264893, 0.6327851414680481, 0.46682119369506836, 3.6188650131225586, 1.3397749662399292, 1.3101290464401245, 0.09201479703187943, 0.007572774309664965, 0.0003999575856141746, 0.0]
